2->a
b<-5
c=6
