2->a
b<-5
c=6
d=7
f=8
